10 10
 1  3  7  5 23  8 65  9 43  2
43 56 32  1 78  9 54  3 45  2
33 44 12  0  6 54  3 67  2 10
 1  2  3  6  7  9 54  2 34 80
34  2 34  5 74 89  2  5 76  1
 2  3  6 45 89 51  3 42 75 10
 5 87 42 85  5 22 12  5 90 10
 8 53 90 53 78 54 78 21 50 20
 2  7 67 34 63 92 43 76 10 11
77 42 76  9 88 21 45 68 77 30
10 10
 2  6  9 15 43 18 93 29  3 92
23 26 39  8 77  7 56 83 46 32
 3 29 55  9 49 22 30 57  5 50
81 12 43 36 27 19 64 44 33 87
24 92 24 95 64 79 92 85 66 51
 4  5  8 47 81 53  5 44 77 12
50 37 92 35 55 72 62 55 40 60
98 83 70 63 58 44 38 21 10  0
12 27 37 44 53 62 73 86 90  1
67 42 26  9 88 61 45 28  7 80
